/* Datenreihen:
/* <Nr>- <Dateiname> <sichtbar:J,N> <Diagrammtyp:L,B,P,M> <y-Achse:1,2> <Titel> [<Blocknummer>] 

DFormat: 0

1- _XXXX_\Beispielzeitreihen\Daten\qgs.dat J  L 1   berechnet 1700
2- _XXXX_\Beispielzeitreihen\Daten\q_adorf.dat J  L 1   gemessen 
3- _XXXX_\Beispielzeitreihen\Daten\pre.dat J  N 1   Niederschlag 1700
4- _XXXX_\Beispielzeitreihen\Daten\alarmstufe1.dat J L 1 Alarmstufe 1 (4 m³/s)
4- _XXXX_\Beispielzeitreihen\Daten\alarmstufe2.dat J L 1 Alarmstufe 2 (8 m³/s)

Extend1: 0.000000 0.000000 10075.000000 25.000000 672.000000 2.000000
Extend2: 0.000000 -1.000000 10075.000000 1.000000 672.000000 0.200000
Extend3: 0.000000 0.000000 10075.000000 4.000000 672.000000 0.300000
xTitel: Datum
yTitel1: Abfluss [m³/s]
HTitel: Pegel Adorf
NSTitel:  Niederschlag [mm]
L-Pos: 0.812155 0.099567
Gitternetz: J
invDRF: N
dYautom: J
Linientyp_const: N
dTmin: 1440
Balkenbreite: 0
Xinv: N
T0const: N
xAchse1: -1 1
xAchse2: -1 1 

KNr:  Farbe	LTyp	LBreite	PTyp
K1:  8388736	0	1	1
K2:  12615680	0	1	2
K3:  10485760	0	1	3
K4:  33023	1	1	4
K5:  255	1	1	5
K6:  16711935	0	1	6
K7:  35840	0	1	7
K8:  1619124	0	1	8
K9:  8421576	0	1	9
K10:  13158600	0	1	10
TextFont1: -11 0 0 400 0 3 2 1 34 0 Arial
TextFont2: -11 0 0 400 0 3 2 1 34 0 Arial
TextFont3: -11 0 0 400 0 3 2 1 34 0 Arial
TextFont4: -11 0 0 400 0 3 2 1 34 900 Arial
TextFont5: -11 0 0 400 0 3 2 1 34 0 Arial
TextFont6: -11 0 0 400 0 3 2 1 34 0 Arial
TextFont7: -11 0 0 400 0 3 2 1 34 0 Arial
TextFont8: -11 0 0 400 0 3 2 1 34 0 Arial
TextFont9: -11 0 0 400 0 3 2 1 34 0 Arial
TextFont10: -11 0 0 400 0 3 2 1 34 0 Arial
