/* Datenreihen:
/* <Nr>- <Dateiname> <sichtbar:J,N> <Diagrammtyp:L,B,P,M> <y-Achse:1,2> <Titel> [<Blocknummer>] 

DFormat: 0

1- P:\vwe04121\modell\hydrologie\namod\klima.dat\03368.kz J  L 1     
2- P:\vwe04121\modell\hydrologie\namod\klima.dat\03368.kz J  L 1     
3- P:\vwe04121\modell\hydrologie\namod\klima.dat\03368.kz J  L 1     

Extend1: 0.000000 0.000000 31.000000 9.450000 2.000000 0.700000
Extend2: 0.000000 0.000000 31.000000 9.450000 2.000000 0.700000
Extend3: 0.000000 0.000000 31.000000 9.450000 2.000000 0.700000
L-Pos: 0.005000 0.020000
Gitternetz: J
invDRF: N
dYautom: J
Linientyp_const: N
Balkenbreite: 0
Xinv: N
T0const: N
xAchse1: -1 1   /* 1. Zeile  <Formate:0-11 (autom.=-1)> <doppelt unterdrücken J=1/N=0>
xAchse2: -1 1   /* 2. Zeile

KNr:  Farbe	LTyp	LBreite	PTyp
K1:  16711680	0	1	1
K2:  255	0	1	2
K3:  65280	0	1	3
K4:  33023	0	1	4
K5:  16776960	0	1	5
K6:  16711935	0	1	6
K7:  35840	0	1	7
K8:  1619124	0	1	8
K9:  8421576	0	1	9
K10:  13158600	0	1	10
TextFont1: -11 0 0 400 0 3 2 1 34 0 Arial
TextFont2: -11 0 0 400 0 3 2 1 34 0 Arial
TextFont3: -11 0 0 400 0 3 2 1 34 0 Arial
TextFont4: -11 0 0 400 0 3 2 1 34 900 Arial
TextFont5: -11 0 0 400 0 3 2 1 34 0 Arial
TextFont6: -11 0 0 400 0 3 2 1 34 0 Arial
TextFont7: -11 0 0 400 0 3 2 1 34 0 Arial
TextFont8: -11 0 0 400 0 3 2 1 34 0 Arial
TextFont9: -11 0 0 400 0 3 2 1 34 0 Arial
TextFont10: -11 0 0 400 0 3 2 1 34 0 Arial

/* Alle Einstellungen sind optional, also nicht zwingend.
/* Weitere zusätzliche Optionen, die nur von außerhalb eingestellt werden können:
/*   AnfDatum: Anfangszeitpunkt des darzustellenden Bereiches
/*   EndDatum: Endzeitpunkt des darzustellenden Bereiches
/*   mT0:      Anfangszeitpunkt (TT.MM.JJJJ hh:mm) für x-Achsenbeschriftung
