branches/hwv_11-02_2011-11-02_sn/KalypsoModelSimulationBase/src/test/org/kalypso/kalypsosimulationmodel/data/wsp_hq2.asc
ncols         541
nrows         470
xllcorner     3545573.896066
yllcorner     5979300.387235
cellsize      5
NODATA_value  -9999
[rows 374 to 407 of 470, columns 154 to 230 of 541]
1.06 1.05 1.01 0.97 0.94 0.92 0.88 0.87 0.87 0.87 0.88 0.88 0.86 0.85 0.82 0.79 0.76 0.74 0.69 0.68 0.66 0.65 0.63 0.62 0.61 0.6 0.59 0.59 0.58 0.57 0.56 0.55 0.54 0.53 0.51 0.5 0.48 0.46 0.42 0.39 0.37 0.34 0.28 0.25 0.21 0.18 0.12 0.1 0.07 0.05 0.02 0.02 0.02 0.02 0.06 0.07 0.09 0.14 0.19 0.25 0.3 0.31 0.42 0.43 0.43 0.43 0.37 0.33 0.27 0.23 0.16 0.14 0.2 0.04 -9999 -9999 -9999
1.08 1.07 1.04 1.02 1 0.98 0.94 0.94 0.93 0.93 0.92 0.91 0.9 0.88 0.84 0.82 0.8 0.78 0.74 0.73 0.72 0.7 0.68 0.67 0.67 0.66 0.65 0.65 0.65 0.65 0.64 0.64 0.64 0.63 0.62 0.61 0.6 0.58 0.54 0.51 0.49 0.46 0.39 0.36 0.32 0.28 0.21 0.19 0.16 0.14 0.11 0.11 0.11 0.12 0.16 0.19 0.22 0.28 0.38 0.46 0.52 0.59 0.72 0.78 0.8 0.81 0.76 0.7 0.64 0.58 0.51 0.47 0.49 0.53 0.53 0.51 0.49
1.06 1.06 1.04 1.02 1.01 1 0.96 0.95 0.95 0.94 0.93 0.92 0.9 0.88 0.85 0.83 0.81 0.8 0.76 0.75 0.74 0.72 0.71 0.7 0.7 0.69 0.69 0.68 0.68 0.68 0.68 0.68 0.68 0.68 0.67 0.66 0.65 0.63 0.6 0.57 0.54 0.52 0.44 0.41 0.36 0.32 0.26 0.22 0.2 0.18 0.15 0.15 0.15 0.16 0.21 0.24 0.28 0.34 0.45 0.54 0.62 0.68 0.84 0.9 0.93 0.94 0.89 0.83 0.77 0.7 0.61 0.57 0.52 0.54 0.54 0.51 0.49
1.05 1.05 1.04 1.03 1.01 1 0.98 0.97 0.96 0.95 0.93 0.92 0.9 0.88 0.85 0.84 0.82 0.81 0.78 0.77 0.76 0.75 0.74 0.73 0.73 0.72 0.72 0.72 0.72 0.72 0.72 0.72 0.72 0.73 0.72 0.71 0.7 0.69 0.66 0.63 0.6 0.57 0.49 0.45 0.41 0.37 0.3 0.27 0.24 0.22 0.19 0.18 0.19 0.2 0.25 0.29 0.33 0.39 0.52 0.61 0.7 0.77 0.94 1.02 1.04 1.06 1.02 0.96 0.89 0.83 0.71 0.66 0.61 0.56 0.54 0.52 0.49
1.03 1.03 1.03 1.02 1.01 1 0.98 0.98 0.97 0.96 0.93 0.92 0.9 0.89 0.86 0.84 0.83 0.82 0.8 0.79 0.78 0.77 0.76 0.75 0.75 0.75 0.75 0.75 0.75 0.75 0.76 0.76 0.76 0.77 0.76 0.76 0.75 0.73 0.7 0.68 0.65 0.62 0.54 0.5 0.45 0.41 0.33 0.3 0.27 0.25 0.22 0.21 0.22 0.23 0.28 0.32 0.36 0.43 0.56 0.64 0.73 0.82 0.98 1.07 1.09 1.11 1.1 1.03 0.96 0.9 0.77 0.71 0.65 0.6 0.53 0.51 0.49
0.99 0.99 0.99 0.99 0.99 0.99 0.98 0.97 0.96 0.95 0.93 0.91 0.9 0.89 0.86 0.85 0.84 0.84 0.82 0.82 0.82 0.81 0.81 0.8 0.8 0.8 0.8 0.8 0.81 0.81 0.82 0.83 0.84 0.84 0.84 0.84 0.83 0.82 0.78 0.75 0.73 0.7 0.6 0.56 0.52 0.47 0.39 0.36 0.32 0.3 0.27 0.27 0.27 0.28 0.33 0.36 0.41 0.47 0.59 0.67 0.75 0.83 0.97 1.04 1.07 1.09 1.08 1.04 0.99 0.93 0.79 0.73 0.66 0.59 0.51 0.48 0.46
0.96 0.96 0.97 0.98 0.98 0.98 0.97 0.96 0.96 0.95 0.92 0.91 0.9 0.88 0.86 0.85 0.85 0.84 0.83 0.83 0.83 0.83 0.83 0.82 0.82 0.82 0.83 0.83 0.83 0.84 0.85 0.86 0.87 0.87 0.87 0.87 0.86 0.84 0.81 0.78 0.75 0.72 0.63 0.58 0.54 0.5 0.41 0.38 0.35 0.32 0.29 0.28 0.29 0.3 0.34 0.37 0.41 0.46 0.58 0.66 0.73 0.81 0.94 1 1.03 1.05 1.05 1.01 0.97 0.92 0.78 0.71 0.64 0.57 0.48 0.45 0.43
0.95 0.95 0.96 0.96 0.96 0.96 0.96 0.95 0.94 0.94 0.91 0.9 0.9 0.88 0.87 0.86 0.85 0.85 0.84 0.85 0.85 0.84 0.84 0.84 0.84 0.85 0.85 0.85 0.86 0.86 0.87 0.88 0.89 0.89 0.89 0.89 0.88 0.86 0.82 0.79 0.76 0.73 0.64 0.59 0.55 0.51 0.43 0.4 0.36 0.34 0.31 0.3 0.3 0.3 0.33 0.36 0.4 0.43 0.55 0.6 0.67 0.75 0.85 0.92 0.95 0.97 0.98 0.95 0.91 0.87 0.74 0.67 0.6 0.53 0.43 0.4 0.4
0.93 0.93 0.94 0.94 0.94 0.94 0.94 0.94 0.93 0.92 0.91 0.9 0.89 0.88 0.87 0.86 0.86 0.86 0.85 0.86 0.86 0.86 0.86 0.86 0.86 0.87 0.87 0.88 0.88 0.88 0.9 0.9 0.91 0.92 0.92 0.91 0.91 0.88 0.83 0.8 0.76 0.73 0.65 0.6 0.56 0.52 0.44 0.41 0.38 0.35 0.32 0.31 0.31 0.31 0.34 0.35 0.39 0.42 0.52 0.57 0.62 0.69 0.78 0.84 0.86 0.88 0.89 0.88 0.86 0.81 0.7 0.63 0.56 0.48 0.38 0.23 -9999
0.89 0.89 0.9 0.9 0.9 0.9 0.9 0.9 0.9 0.89 0.88 0.88 0.88 0.87 0.87 0.86 0.86 0.87 0.87 0.88 0.88 0.88 0.89 0.9 0.9 0.9 0.91 0.91 0.92 0.92 0.93 0.93 0.92 0.93 0.91 0.91 0.9 0.87 0.82 0.78 0.75 0.71 0.64 0.6 0.56 0.53 0.46 0.43 0.4 0.37 0.33 0.32 0.31 0.31 0.3 0.31 0.33 0.33 0.4 0.41 0.45 0.5 0.57 0.62 0.65 0.68 0.71 0.71 0.7 0.67 0.58 0.51 0.44 0.36 0.09 -9999 -9999
0.87 0.87 0.88 0.88 0.88 0.88 0.88 0.88 0.88 0.88 0.87 0.87 0.87 0.86 0.86 0.87 0.86 0.87 0.88 0.88 0.89 0.89 0.91 0.91 0.92 0.92 0.93 0.93 0.93 0.93 0.93 0.94 0.93 0.93 0.91 0.9 0.89 0.86 0.8 0.77 0.73 0.7 0.63 0.59 0.56 0.52 0.46 0.43 0.4 0.38 0.34 0.32 0.31 0.3 0.29 0.28 0.29 0.29 0.32 0.34 0.35 0.39 0.45 0.49 0.53 0.56 0.6 0.61 0.61 0.58 0.51 0.44 0.37 0.29 0.07 -9999 -9999
0.85 0.85 0.86 0.86 0.86 0.86 0.86 0.86 0.86 0.86 0.85 0.85 0.85 0.85 0.86 0.86 0.86 0.87 0.88 0.89 0.9 0.91 0.92 0.93 0.93 0.93 0.94 0.94 0.95 0.95 0.95 0.94 0.94 0.93 0.91 0.89 0.87 0.84 0.79 0.75 0.71 0.68 0.61 0.58 0.55 0.52 0.46 0.43 0.41 0.38 0.34 0.32 0.31 0.29 0.27 0.27 0.26 0.26 0.25 0.26 0.27 0.28 0.33 0.36 0.4 0.43 0.49 0.5 0.51 0.5 0.43 0.38 0.3 0.22 0.04 -9999 -9999
0.83 0.83 0.83 0.83 0.83 0.83 0.84 0.84 0.83 0.84 0.84 0.84 0.84 0.84 0.85 0.86 0.86 0.87 0.89 0.9 0.91 0.91 0.93 0.94 0.94 0.95 0.95 0.95 0.95 0.95 0.94 0.94 0.92 0.92 0.88 0.87 0.85 0.82 0.76 0.72 0.69 0.65 0.59 0.56 0.54 0.51 0.45 0.43 0.4 0.38 0.34 0.31 0.29 0.28 0.24 0.23 0.22 0.21 0.16 0.15 0.15 0.16 0.17 0.21 0.26 0.3 0.39 0.41 0.42 0.42 0.35 0.31 0.25 0.17 0.01 -9999 -9999
0.79 0.78 0.78 0.78 0.78 0.78 0.78 0.78 0.79 0.79 0.8 0.8 0.81 0.82 0.84 0.85 0.86 0.87 0.9 0.91 0.92 0.93 0.95 0.96 0.96 0.97 0.97 0.97 0.97 0.96 0.95 0.93 0.92 0.9 0.86 0.83 0.81 0.77 0.7 0.67 0.63 0.59 0.54 0.52 0.5 0.48 0.44 0.42 0.4 0.38 0.33 0.31 0.28 0.26 0.19 0.16 -9999 -9999 -9999 -9999 -9999 -9999 -9999 -9999 -9999 -9999 0.18 0.21 0.24 0.23 0.19 0.16 0.1 0.05 -9999 -9999 -9999
0.76 0.76 0.75 0.75 0.75 0.75 0.75 0.76 0.76 0.77 0.78 0.79 0.8 0.8 0.83 0.84 0.85 0.87 0.9 0.91 0.92 0.94 0.96 0.97 0.97 0.98 0.98 0.97 0.97 0.96 0.94 0.93 0.91 0.89 0.84 0.81 0.79 0.75 0.68 0.64 0.6 0.57 0.53 0.5 0.49 0.47 0.43 0.41 0.39 0.37 0.32 0.3 0.27 0.24 -9999 -9999 -9999 -9999 -9999 -9999 -9999 -9999 -9999 -9999 -9999 -9999 -9999 -9999 0.15 0.15 0.12 0.09 0.05 -9999 -9999 -9999 -9999
0.74 0.73 0.72 0.72 0.72 0.72 0.72 0.73 0.73 0.74 0.76 0.77 0.78 0.79 0.82 0.83 0.85 0.86 0.9 0.91 0.93 0.94 0.96 0.97 0.98 0.98 0.98 0.98 0.98 0.96 0.94 0.92 0.9 0.88 0.83 0.8 0.77 0.73 0.65 0.61 0.57 0.54 0.51 0.48 0.47 0.46 0.42 0.4 0.39 0.36 0.32 0.29 0.26 0.21 -9999 -9999 -9999 -9999 -9999 -9999 -9999 -9999 -9999 -9999 -9999 -9999 -9999 -9999 -9999 -9999 0.05 0.02 -9999 -9999 -9999 -9999 -9999
0.44 0.7 0.69 0.68 0.69 0.69 0.69 0.7 0.7 0.71 0.73 0.74 0.76 0.77 0.8 0.82 0.84 0.86 0.89 0.91 0.93 0.95 0.97 0.98 0.99 0.99 0.99 0.98 0.98 0.97 0.93 0.91 0.89 0.87 0.81 0.78 0.75 0.71 0.63 0.59 0.55 0.51 0.48 0.46 0.45 0.44 0.41 0.39 0.38 0.36 0.31 0.28 0.1 -9999 -9999 -9999 -9999 -9999 -9999 -9999 -9999 -9999 -9999 -9999 -9999 -9999 -9999 -9999 -9999 -9999 -9999 -9999 -9999 -9999 -9999 -9999 -9999
-9999 -9999 0.47 0.62 0.62 0.62 0.62 0.63 0.64 0.65 0.68 0.69 0.71 0.73 0.77 0.79 0.81 0.84 0.88 0.9 0.93 0.94 0.97 0.98 0.99 0.99 0.99 0.99 0.98 0.97 0.93 0.91 0.88 0.86 0.8 0.76 0.73 0.69 0.62 0.58 0.55 0.5 0.46 0.45 0.43 0.41 0.39 0.37 0.35 0.34 0.29 -9999 -9999 -9999 -9999 -9999 -9999 0.14 0.37 0.34 0.3 0.26 0.16 0.09 0.03 -9999 -9999 -9999 -9999 -9999 -9999 -9999 -9999 -9999 -9999 -9999 -9999
-9999 -9999 -9999 0.28 0.58 0.58 0.59 0.6 0.61 0.62 0.65 0.67 0.69 0.71 0.75 0.78 0.8 0.83 0.87 0.9 0.92 0.94 0.97 0.98 0.99 0.99 0.99 0.99 0.98 0.97 0.93 0.91 0.88 0.85 0.79 0.76 0.72 0.69 0.61 0.57 0.54 0.5 0.46 0.44 0.42 0.41 0.37 0.36 0.34 0.33 -9999 -9999 -9999 -9999 -9999 -9999 0.45 0.43 0.35 0.32 0.28 0.24 0.16 0.12 0.11 0.1 -9999 -9999 -9999 -9999 -9999 -9999 -9999 -9999 -9999 -9999 -9999
-9999 -9999 -9999 -9999 0.09 0.5 0.55 0.56 0.57 0.58 0.62 0.63 0.66 0.68 0.73 0.75 0.78 0.81 0.86 0.89 0.91 0.93 0.96 0.98 0.98 0.99 0.99 0.98 0.98 0.97 0.93 0.91 0.88 0.86 0.79 0.76 0.72 0.69 0.61 0.58 0.54 0.51 0.46 0.43 0.41 0.39 0.36 0.34 0.33 0.31 -9999 -9999 -9999 -9999 0.26 0.51 0.46 0.42 0.34 0.31 0.27 0.23 0.17 0.13 0.12 0.11 0.07 -9999 -9999 -9999 -9999 -9999 -9999 -9999 -9999 -9999 -9999
-9999 -9999 -9999 -9999 -9999 -9999 0.52 0.52 0.54 0.55 0.58 0.6 0.62 0.65 0.7 0.73 0.76 0.79 0.85 0.88 0.9 0.92 0.96 0.97 0.98 0.98 0.98 0.98 0.97 0.96 0.93 0.91 0.88 0.86 0.79 0.76 0.73 0.69 0.61 0.58 0.54 0.51 0.45 0.43 0.4 0.38 0.34 0.32 0.31 -9999 -9999 -9999 -9999 -9999 0.53 0.5 0.45 0.41 0.33 0.3 0.26 0.23 0.17 0.13 0.13 0.11 0.05 -9999 -9999 -9999 -9999 -9999 -9999 -9999 -9999 -9999 -9999
-9999 -9999 -9999 -9999 -9999 -9999 -9999 -9999 0.27 0.48 0.51 0.53 0.55 0.58 0.64 0.67 0.7 0.74 0.81 0.84 0.87 0.9 0.93 0.95 0.96 0.96 0.97 0.97 0.96 0.96 0.93 0.91 0.88 0.86 0.8 0.77 0.73 0.7 0.62 0.58 0.55 0.51 0.44 0.41 0.38 0.35 0.31 0.28 -9999 -9999 -9999 -9999 0.03 0.55 0.5 0.46 0.43 0.4 0.32 0.28 0.25 0.22 0.16 0.14 0.11 0.09 0.04 -9999 -9999 -9999 -9999 -9999 -9999 -9999 -9999 -9999 -9999
-9999 -9999 -9999 -9999 -9999 -9999 -9999 -9999 -9999 0.06 0.47 0.49 0.51 0.53 0.6 0.63 0.66 0.7 0.78 0.81 0.84 0.87 0.91 0.92 0.94 0.95 0.95 0.95 0.95 0.94 0.92 0.91 0.89 0.86 0.81 0.78 0.74 0.7 0.63 0.58 0.54 0.51 0.43 0.39 0.36 0.33 0.28 -9999 -9999 -9999 -9999 -9999 0.52 0.52 0.48 0.46 0.43 0.39 0.32 0.28 0.24 0.21 0.15 0.13 0.1 0.07 0.03 -9999 -9999 -9999 -9999 -9999 -9999 -9999 -9999 -9999 -9999
-9999 -9999 -9999 -9999 -9999 -9999 -9999 -9999 -9999 -9999 0.23 0.45 0.47 0.49 0.55 0.59 0.62 0.66 0.74 0.78 0.82 0.85 0.89 0.9 0.91 0.92 0.94 0.94 0.94 0.93 0.92 0.9 0.89 0.87 0.81 0.78 0.75 0.71 0.63 0.59 0.54 0.5 0.42 0.38 0.35 0.31 -9999 -9999 -9999 -9999 -9999 0.29 0.49 0.49 0.46 0.45 0.42 0.38 0.31 0.28 0.24 0.2 0.14 0.12 0.09 0.06 0.01 -9999 -9999 -9999 -9999 0.01 -9999 -9999 -9999 -9999 -9999
-9999 -9999 -9999 -9999 -9999 -9999 -9999 -9999 -9999 -9999 -9999 0.02 0.4 0.44 0.5 0.54 0.58 0.62 0.7 0.74 0.78 0.81 0.86 0.87 0.89 0.9 0.92 0.92 0.92 0.93 0.91 0.9 0.89 0.87 0.82 0.79 0.76 0.71 0.63 0.58 0.53 0.49 0.4 0.36 0.32 0.28 -9999 -9999 -9999 -9999 0.02 0.47 0.47 0.48 0.46 0.44 0.42 0.38 0.31 0.27 0.23 0.19 0.13 0.1 0.09 0.06 0.02 -9999 -9999 -9999 0.01 0.03 -9999 -9999 -9999 -9999 -9999
-9999 -9999 -9999 -9999 -9999 -9999 -9999 -9999 -9999 -9999 -9999 -9999 -9999 -9999 0.36 0.44 0.48 0.52 0.6 0.64 0.68 0.72 0.78 0.8 0.82 0.84 0.87 0.88 0.89 0.89 0.89 0.89 0.88 0.88 0.83 0.81 0.78 0.73 0.63 0.57 0.51 0.45 0.34 0.29 0.24 -9999 -9999 -9999 -9999 -9999 0.42 0.45 0.46 0.48 0.47 0.46 0.44 0.4 0.33 0.27 0.22 0.17 0.1 0.07 0.05 0.05 0.03 0.03 0.03 0.03 -9999 -9999 -9999 -9999 -9999 -9999 -9999
-9999 -9999 -9999 -9999 -9999 -9999 -9999 -9999 -9999 -9999 -9999 -9999 -9999 -9999 -9999 0.16 0.42 0.47 0.55 0.59 0.63 0.67 0.73 0.76 0.78 0.8 0.84 0.85 0.86 0.87 0.88 0.88 0.88 0.87 0.84 0.81 0.78 0.73 0.62 0.55 0.49 0.43 0.31 0.25 0.12 -9999 -9999 -9999 -9999 -9999 0.42 0.45 0.46 0.48 0.48 0.47 0.46 0.42 0.34 0.28 0.22 0.16 0.08 0.04 0.04 0.03 0.03 -9999 -9999 -9999 -9999 -9999 -9999 -9999 -9999 -9999 -9999
-9999 -9999 -9999 -9999 -9999 -9999 -9999 -9999 -9999 -9999 -9999 -9999 -9999 -9999 -9999 -9999 -9999 0.35 0.5 0.53 0.57 0.61 0.68 0.71 0.74 0.76 0.8 0.82 0.83 0.85 0.86 0.87 0.87 0.87 0.84 0.82 0.78 0.71 0.61 0.52 0.46 0.39 0.26 0.2 -9999 -9999 -9999 -9999 -9999 0.32 0.44 0.46 0.48 0.5 0.51 0.5 0.48 0.44 0.37 0.28 0.22 0.16 0.03 0.02 -9999 -9999 -9999 -9999 -9999 -9999 -9999 -9999 -9999 -9999 -9999 -9999 -9999
-9999 -9999 -9999 -9999 -9999 -9999 -9999 -9999 -9999 -9999 -9999 -9999 -9999 -9999 -9999 -9999 -9999 -9999 0.44 0.48 0.52 0.56 0.63 0.66 0.69 0.72 0.77 0.79 0.8 0.82 0.84 0.85 0.86 0.87 0.84 0.82 0.78 0.72 0.59 0.51 0.43 0.36 0.22 -9999 -9999 -9999 -9999 -9999 0.12 0.32 0.44 0.47 0.5 0.52 0.52 0.52 0.51 0.47 0.39 0.31 0.22 0.16 -9999 -9999 -9999 -9999 -9999 -9999 -9999 -9999 -9999 -9999 -9999 -9999 -9999 -9999 -9999
-9999 -9999 -9999 -9999 -9999 -9999 -9999 -9999 -9999 -9999 -9999 -9999 -9999 -9999 -9999 -9999 -9999 -9999 -9999 -9999 0.14 0.45 0.53 0.56 0.6 0.63 0.69 0.71 0.73 0.76 0.79 0.8 0.81 0.82 0.8 0.78 0.74 0.66 0.52 0.43 0.34 0.26 -9999 -9999 -9999 -9999 -9999 0.19 0.29 0.36 0.47 0.52 0.54 0.57 0.57 0.57 0.56 0.52 0.44 0.38 0.3 0.22 -9999 0.01 0.03 0.07 0.14 0.19 0.24 -9999 -9999 -9999 -9999 -9999 -9999 -9999 -9999
-9999 -9999 -9999 -9999 -9999 -9999 -9999 -9999 -9999 -9999 -9999 -9999 -9999 -9999 -9999 -9999 -9999 -9999 -9999 -9999 -9999 -9999 0.48 0.51 0.55 0.58 0.64 0.67 0.7 0.72 0.76 0.77 0.78 0.79 0.77 0.74 0.71 0.63 0.48 0.39 0.29 0.21 -9999 -9999 -9999 -9999 0.11 0.24 0.32 0.39 0.5 0.54 0.57 0.6 0.6 0.6 0.59 0.55 0.47 0.41 0.35 0.27 0.1 0.1 0.11 0.12 0.19 0.22 -9999 -9999 -9999 -9999 -9999 -9999 -9999 -9999 -9999
-9999 -9999 -9999 -9999 -9999 -9999 -9999 -9999 -9999 -9999 -9999 -9999 -9999 -9999 -9999 -9999 -9999 -9999 -9999 -9999 -9999 -9999 0.2 0.46 0.5 0.53 0.6 0.63 0.66 0.68 0.72 0.74 0.75 0.76 0.73 0.71 0.67 0.59 0.43 0.34 0.25 -9999 -9999 -9999 -9999 -9999 0.24 0.31 0.37 0.43 0.53 0.57 0.6 0.63 0.64 0.63 0.62 0.58 0.5 0.44 0.38 0.32 0.23 0.19 0.18 0.19 0.22 0.22 -9999 -9999 -9999 -9999 -9999 -9999 -9999 -9999 -9999
-9999 -9999 -9999 -9999 -9999 -9999 -9999 -9999 -9999 -9999 -9999 -9999 -9999 -9999 -9999 -9999 -9999 -9999 -9999 -9999 -9999 -9999 -9999 0.04 0.45 0.49 0.55 0.58 0.61 0.63 0.68 0.69 0.69 0.7 0.67 0.64 0.61 0.53 0.37 0.28 0.19 -9999 -9999 -9999 -9999 -9999 0.31 0.37 0.43 0.48 0.58 0.62 0.64 0.66 0.67 0.67 0.66 0.62 0.54 0.49 0.43 0.37 0.29 0.25 0.23 0.21 0.24 -9999 -9999 -9999 -9999 -9999 -9999 -9999 -9999 -9999 -9999
-9999 -9999 -9999 -9999 -9999 -9999 -9999 -9999 -9999 -9999 -9999 -9999 -9999 -9999 -9999 -9999 -9999 -9999 -9999 -9999 -9999 -9999 -9999 -9999 -9999 -9999 0.46 0.49 0.51 0.54 0.58 0.59 0.59 0.6 0.55 0.52 0.48 0.4 0.25 -9999 -9999 -9999 -9999 -9999 0.1 0.33 0.46 0.51 0.56 0.6 0.67 0.7 0.72 0.74 0.75 0.74 0.73 0.7 0.63 0.58 0.53 0.48 0.4 0.35 0.32 0.29 -9999 -9999 -9999 -9999 -9999 -9999 -9999 -9999 -9999 -9999 -9999
