branches/hwv_11-02_2011-11-02_sn/KalypsoModelSimulationBase/src/test/org/kalypso/kalypsosimulationmodel/data/wsp_hq2.asc
ncols         541
nrows         470
xllcorner     3545573.896066
yllcorner     5979300.387235
cellsize      5
NODATA_value  -9999
[rows 340 to 373 of 470, columns 308 to 384 of 541]
-9999 -9999 -9999 -9999 -9999 -9999 -9999 -9999 -9999 -9999 -9999 -9999 -9999 -9999 -9999 -9999 -9999 -9999 -9999 -9999 -9999 -9999 -9999 -9999 -9999 -9999 -9999 -9999 -9999 -9999 -9999 -9999 -9999 -9999 -9999 -9999 -9999 -9999 -9999 -9999 -9999 -9999 -9999 -9999 -9999 -9999 -9999 -9999 -9999 -9999 -9999 -9999 -9999 -9999 -9999 -9999 -9999 -9999 -9999 -9999 -9999 -9999 -9999 -9999 -9999 -9999 -9999 -9999 -9999 -9999 -9999 -9999 -9999 -9999 -9999 -9999 -9999
-9999 -9999 -9999 -9999 -9999 -9999 -9999 -9999 -9999 -9999 -9999 -9999 -9999 -9999 -9999 -9999 -9999 -9999 -9999 -9999 -9999 -9999 -9999 -9999 -9999 -9999 -9999 -9999 -9999 -9999 -9999 -9999 -9999 -9999 -9999 -9999 -9999 -9999 -9999 -9999 -9999 -9999 -9999 -9999 -9999 -9999 -9999 -9999 -9999 -9999 -9999 -9999 -9999 -9999 -9999 -9999 -9999 -9999 -9999 -9999 -9999 -9999 -9999 -9999 -9999 -9999 -9999 -9999 -9999 -9999 -9999 -9999 -9999 -9999 -9999 -9999 -9999
-9999 -9999 -9999 -9999 -9999 -9999 -9999 -9999 -9999 -9999 -9999 -9999 -9999 -9999 -9999 -9999 -9999 -9999 -9999 -9999 -9999 -9999 -9999 -9999 -9999 -9999 -9999 -9999 -9999 -9999 -9999 -9999 -9999 -9999 -9999 -9999 -9999 -9999 -9999 -9999 -9999 -9999 -9999 -9999 -9999 -9999 -9999 -9999 -9999 -9999 -9999 -9999 -9999 -9999 -9999 -9999 -9999 -9999 -9999 -9999 -9999 -9999 -9999 -9999 -9999 -9999 -9999 -9999 -9999 -9999 -9999 -9999 -9999 -9999 -9999 -9999 -9999
-9999 -9999 -9999 -9999 -9999 -9999 -9999 -9999 -9999 -9999 -9999 -9999 -9999 -9999 -9999 -9999 -9999 -9999 -9999 -9999 -9999 -9999 -9999 -9999 -9999 -9999 -9999 -9999 -9999 -9999 -9999 -9999 -9999 -9999 -9999 -9999 -9999 -9999 -9999 -9999 -9999 -9999 -9999 -9999 -9999 -9999 -9999 -9999 -9999 -9999 -9999 -9999 -9999 -9999 -9999 -9999 -9999 -9999 -9999 -9999 -9999 -9999 -9999 -9999 -9999 -9999 -9999 -9999 0.02 0.03 0.04 0.05 0.06 0.07 0.07 0.07 0.09
-9999 -9999 -9999 -9999 -9999 -9999 -9999 -9999 -9999 -9999 -9999 -9999 -9999 -9999 -9999 -9999 -9999 -9999 -9999 -9999 -9999 -9999 -9999 -9999 -9999 -9999 -9999 -9999 -9999 -9999 -9999 -9999 -9999 -9999 -9999 -9999 -9999 -9999 -9999 -9999 -9999 -9999 -9999 -9999 -9999 -9999 -9999 -9999 -9999 -9999 -9999 -9999 -9999 -9999 -9999 -9999 -9999 -9999 -9999 -9999 -9999 -9999 -9999 -9999 -9999 -9999 -9999 0.03 0.08 0.1 0.11 0.12 0.14 0.14 0.14 0.15 0.16
-9999 -9999 -9999 -9999 -9999 -9999 -9999 -9999 -9999 -9999 -9999 -9999 -9999 -9999 -9999 -9999 -9999 -9999 -9999 -9999 -9999 -9999 -9999 -9999 -9999 -9999 -9999 -9999 -9999 -9999 -9999 -9999 -9999 -9999 -9999 -9999 -9999 -9999 -9999 -9999 -9999 -9999 -9999 -9999 -9999 -9999 -9999 -9999 -9999 -9999 -9999 -9999 -9999 -9999 -9999 -9999 -9999 -9999 -9999 -9999 -9999 -9999 -9999 -9999 -9999 0.01 0.05 0.09 0.14 0.17 0.18 0.19 0.21 0.21 0.21 0.21 0.22
-9999 -9999 -9999 -9999 -9999 -9999 -9999 -9999 -9999 -9999 -9999 -9999 -9999 -9999 -9999 -9999 -9999 -9999 -9999 -9999 -9999 -9999 0.02 0.04 0.05 0.05 0.04 0.03 -9999 -9999 -9999 -9999 -9999 -9999 -9999 -9999 -9999 -9999 -9999 -9999 -9999 -9999 -9999 -9999 -9999 -9999 -9999 -9999 -9999 -9999 -9999 -9999 -9999 -9999 -9999 -9999 -9999 -9999 -9999 -9999 -9999 -9999 -9999 -9999 0.02 0.08 0.12 0.16 0.2 0.23 0.24 0.25 0.27 0.28 0.27 0.28 0.29
-9999 -9999 -9999 -9999 -9999 -9999 -9999 -9999 -9999 -9999 -9999 -9999 -9999 -9999 -9999 -9999 -9999 -9999 -9999 -9999 0.06 0.09 0.12 0.15 0.21 0.21 0.2 0.2 0.13 0.09 0.05 -9999 -9999 -9999 -9999 -9999 -9999 -9999 -9999 -9999 -9999 -9999 -9999 -9999 -9999 -9999 -9999 -9999 -9999 -9999 -9999 -9999 -9999 -9999 -9999 -9999 -9999 -9999 -9999 -9999 -9999 -9999 -9999 -9999 0.11 0.17 0.22 0.28 0.33 0.35 0.37 0.38 0.4 0.39 0.4 0.4 0.41
-9999 -9999 -9999 -9999 -9999 -9999 -9999 -9999 -9999 -9999 -9999 -9999 -9999 -9999 -9999 -9999 -9999 -9999 -9999 0.03 0.12 0.15 0.19 0.22 0.27 0.29 0.29 0.29 0.21 0.17 0.11 0.05 -9999 -9999 -9999 -9999 -9999 -9999 -9999 -9999 -9999 -9999 -9999 -9999 -9999 -9999 -9999 -9999 -9999 -9999 -9999 -9999 -9999 -9999 -9999 -9999 -9999 -9999 -9999 -9999 -9999 -9999 -9999 0.01 0.16 0.22 0.28 0.34 0.38 0.41 0.42 0.43 0.45 0.45 0.45 0.46 0.47
-9999 -9999 -9999 -9999 -9999 -9999 -9999 -9999 -9999 -9999 -9999 -9999 -9999 -9999 -9999 -9999 -9999 -9999 0.03 0.07 0.16 0.21 0.24 0.28 0.34 0.35 0.36 0.37 0.28 0.25 0.18 0.12 -9999 -9999 -9999 -9999 -9999 -9999 -9999 -9999 -9999 -9999 -9999 -9999 -9999 -9999 -9999 -9999 -9999 -9999 -9999 -9999 -9999 -9999 -9999 -9999 -9999 -9999 -9999 -9999 -9999 -9999 -9999 0.05 0.2 0.27 0.34 0.39 0.43 0.46 0.47 0.48 0.5 0.51 0.52 0.52 0.54
-9999 -9999 -9999 -9999 -9999 -9999 -9999 -9999 -9999 -9999 -9999 -9999 -9999 -9999 -9999 -9999 -9999 0.01 0.06 0.1 0.2 0.25 0.3 0.34 0.41 0.42 0.43 0.44 0.37 0.32 0.26 0.2 0.06 -9999 -9999 -9999 -9999 -9999 -9999 -9999 -9999 -9999 -9999 -9999 -9999 -9999 -9999 -9999 -9999 -9999 -9999 -9999 -9999 -9999 -9999 -9999 -9999 -9999 -9999 -9999 -9999 -9999 -9999 0.07 0.24 0.31 0.38 0.45 0.5 0.52 0.53 0.55 0.56 0.57 0.58 0.59 0.6
-9999 -9999 -9999 -9999 -9999 -9999 -9999 -9999 -9999 -9999 -9999 -9999 -9999 -9999 -9999 0.01 0.08 0.11 0.16 0.21 0.3 0.35 0.4 0.43 0.5 0.52 0.52 0.53 0.47 0.43 0.37 0.32 0.2 0.14 0.07 0.01 -9999 -9999 -9999 -9999 -9999 -9999 -9999 -9999 -9999 -9999 -9999 -9999 -9999 -9999 -9999 -9999 -9999 -9999 -9999 -9999 -9999 -9999 -9999 -9999 -9999 -9999 0.07 0.14 0.3 0.37 0.43 0.5 0.58 0.6 0.62 0.64 0.66 0.67 0.68 0.69 0.71
-9999 -9999 -9999 -9999 -9999 -9999 -9999 -9999 -9999 -9999 -9999 -9999 -9999 -9999 0.01 0.05 0.12 0.17 0.21 0.26 0.36 0.41 0.45 0.49 0.55 0.56 0.56 0.58 0.52 0.48 0.43 0.37 0.27 0.21 0.14 0.09 -9999 -9999 -9999 -9999 -9999 -9999 -9999 -9999 -9999 -9999 -9999 -9999 -9999 -9999 -9999 -9999 -9999 -9999 -9999 -9999 -9999 -9999 -9999 -9999 -9999 0.03 0.1 0.18 0.34 0.4 0.47 0.53 0.61 0.64 0.66 0.68 0.71 0.72 0.72 0.73 0.76
-9999 -9999 -9999 -9999 -9999 -9999 -9999 -9999 -9999 -9999 -9999 -9999 -9999 0.03 0.06 0.1 0.18 0.22 0.27 0.32 0.41 0.45 0.5 0.52 0.59 0.59 0.6 0.6 0.56 0.53 0.49 0.43 0.33 0.28 0.22 0.17 0.07 0.03 0.01 -9999 -9999 -9999 -9999 -9999 -9999 -9999 -9999 -9999 -9999 -9999 -9999 -9999 -9999 -9999 -9999 -9999 -9999 -9999 -9999 -9999 -9999 0.07 0.14 0.21 0.36 0.42 0.49 0.55 0.62 0.66 0.68 0.7 0.74 0.75 0.76 0.77 0.79
-9999 -9999 -9999 -9999 -9999 -9999 -9999 -9999 -9999 -9999 -9999 -9999 0.03 0.08 0.11 0.15 0.24 0.28 0.32 0.37 0.45 0.5 0.54 0.57 0.63 0.63 0.63 0.63 0.59 0.57 0.53 0.49 0.39 0.35 0.29 0.25 0.16 0.12 0.09 0.07 0.02 -9999 -9999 -9999 -9999 -9999 -9999 -9999 -9999 -9999 -9999 -9999 -9999 -9999 -9999 -9999 -9999 -9999 -9999 -9999 0.02 0.09 0.16 0.23 0.38 0.44 0.5 0.56 0.65 0.68 0.71 0.73 0.77 0.78 0.79 0.81 0.83
-9999 -9999 -9999 -9999 -9999 -9999 -9999 -9999 -9999 -9999 -9999 0.04 0.12 0.16 0.21 0.25 0.35 0.39 0.43 0.48 0.55 0.59 0.62 0.64 0.69 0.69 0.69 0.69 0.66 0.64 0.61 0.57 0.52 0.47 0.43 0.4 0.33 0.3 0.27 0.24 0.2 0.19 0.17 0.15 0.11 0.1 0.08 0.06 0.01 -9999 -9999 -9999 -9999 -9999 -9999 -9999 -9999 -9999 -9999 -9999 0.11 0.17 0.24 0.3 0.43 0.49 0.55 0.61 0.69 0.73 0.76 0.78 0.82 0.84 0.85 0.86 0.88
-9999 -9999 -9999 -9999 -9999 -9999 -9999 -9999 -9999 -9999 0.03 0.08 0.16 0.22 0.26 0.31 0.4 0.44 0.48 0.52 0.59 0.62 0.66 0.67 0.72 0.72 0.72 0.72 0.69 0.67 0.65 0.62 0.56 0.54 0.5 0.47 0.41 0.39 0.36 0.33 0.29 0.28 0.26 0.25 0.21 0.2 0.19 0.17 0.1 0.08 0.05 0.01 -9999 -9999 -9999 -9999 -9999 -9999 -9999 0.05 0.15 0.21 0.27 0.33 0.46 0.51 0.57 0.63 0.71 0.75 0.78 0.8 0.84 0.85 0.87 0.88 0.89
-9999 -9999 -9999 -9999 -9999 -9999 -9999 -9999 -9999 0.02 0.07 0.11 0.21 0.26 0.31 0.36 0.46 0.5 0.54 0.57 0.64 0.66 0.69 0.71 0.74 0.74 0.74 0.74 0.72 0.7 0.68 0.66 0.61 0.58 0.57 0.54 0.49 0.46 0.44 0.42 0.38 0.36 0.35 0.34 0.31 0.3 0.28 0.27 0.21 0.18 0.14 0.11 0.05 0.02 -9999 -9999 -9999 0.03 0.06 0.1 0.2 0.25 0.31 0.37 0.49 0.54 0.6 0.65 0.73 0.77 0.8 0.82 0.86 0.87 0.89 0.89 0.91
-9999 -9999 -9999 -9999 -9999 -9999 -9999 -9999 0.02 0.06 0.1 0.15 0.25 0.3 0.36 0.41 0.5 0.54 0.58 0.62 0.67 0.7 0.72 0.73 0.76 0.76 0.76 0.77 0.74 0.73 0.72 0.69 0.66 0.63 0.61 0.6 0.55 0.53 0.51 0.5 0.46 0.45 0.43 0.43 0.41 0.39 0.38 0.36 0.3 0.27 0.23 0.2 0.13 0.1 0.08 0.06 0.06 0.08 0.11 0.15 0.24 0.3 0.35 0.41 0.52 0.57 0.62 0.68 0.75 0.79 0.81 0.84 0.87 0.89 0.9 0.9 0.92
-9999 -9999 -9999 -9999 -9999 -9999 -9999 0.02 0.1 0.14 0.19 0.24 0.34 0.4 0.45 0.5 0.6 0.64 0.66 0.69 0.73 0.75 0.77 0.78 0.8 0.8 0.8 0.8 0.79 0.78 0.77 0.76 0.73 0.72 0.71 0.69 0.68 0.66 0.65 0.63 0.61 0.6 0.59 0.58 0.58 0.57 0.57 0.55 0.48 0.45 0.41 0.37 0.3 0.26 0.23 0.21 0.18 0.19 0.22 0.25 0.33 0.38 0.43 0.47 0.58 0.62 0.67 0.73 0.79 0.83 0.85 0.87 0.9 0.91 0.91 0.92 0.91
-9999 -9999 -9999 0.01 0.02 0.04 0.05 0.06 0.14 0.19 0.23 0.28 0.38 0.44 0.49 0.54 0.63 0.67 0.7 0.72 0.76 0.78 0.79 0.8 0.82 0.82 0.82 0.82 0.81 0.8 0.79 0.79 0.77 0.76 0.75 0.74 0.72 0.72 0.7 0.69 0.66 0.66 0.65 0.65 0.64 0.64 0.64 0.63 0.56 0.53 0.5 0.46 0.38 0.34 0.31 0.28 0.25 0.25 0.27 0.3 0.37 0.42 0.46 0.51 0.61 0.65 0.7 0.75 0.81 0.85 0.86 0.87 0.9 0.9 0.91 0.91 0.91
0.04 0.05 0.06 0.07 0.09 0.1 0.12 0.13 0.2 0.24 0.28 0.33 0.43 0.47 0.53 0.57 0.66 0.69 0.72 0.74 0.77 0.79 0.8 0.81 0.83 0.83 0.83 0.83 0.83 0.82 0.81 0.81 0.79 0.79 0.78 0.77 0.75 0.75 0.75 0.73 0.71 0.7 0.7 0.7 0.69 0.68 0.69 0.68 0.63 0.6 0.56 0.54 0.46 0.41 0.38 0.35 0.32 0.32 0.33 0.36 0.42 0.46 0.51 0.55 0.65 0.68 0.73 0.77 0.82 0.86 0.87 0.88 0.9 0.91 0.91 0.92 0.91
0.1 0.11 0.12 0.13 0.15 0.16 0.18 0.19 0.26 0.3 0.34 0.38 0.47 0.51 0.56 0.6 0.68 0.72 0.74 0.76 0.79 0.8 0.82 0.82 0.84 0.84 0.84 0.84 0.84 0.83 0.83 0.83 0.82 0.81 0.81 0.8 0.79 0.78 0.77 0.78 0.76 0.75 0.74 0.75 0.74 0.74 0.73 0.74 0.69 0.66 0.63 0.6 0.53 0.49 0.45 0.43 0.39 0.39 0.4 0.41 0.48 0.51 0.55 0.59 0.68 0.72 0.76 0.8 0.84 0.87 0.88 0.89 0.91 0.91 0.92 0.92 0.91
0.25 0.26 0.27 0.27 0.29 0.3 0.32 0.33 0.38 0.41 0.44 0.47 0.55 0.58 0.63 0.66 0.72 0.75 0.76 0.79 0.81 0.82 0.83 0.84 0.85 0.85 0.85 0.86 0.86 0.86 0.86 0.85 0.85 0.85 0.84 0.84 0.83 0.83 0.83 0.82 0.82 0.81 0.81 0.81 0.81 0.81 0.81 0.8 0.79 0.77 0.75 0.73 0.67 0.63 0.6 0.57 0.54 0.53 0.54 0.55 0.57 0.6 0.63 0.66 0.74 0.77 0.81 0.85 0.88 0.9 0.9 0.91 0.91 0.91 0.91 0.91 0.9
0.33 0.33 0.34 0.35 0.36 0.38 0.39 0.4 0.44 0.47 0.5 0.52 0.59 0.62 0.65 0.69 0.74 0.76 0.78 0.79 0.82 0.83 0.84 0.84 0.85 0.86 0.86 0.86 0.86 0.86 0.86 0.87 0.86 0.86 0.86 0.86 0.85 0.85 0.84 0.84 0.83 0.84 0.83 0.83 0.83 0.83 0.83 0.83 0.82 0.81 0.8 0.78 0.73 0.7 0.67 0.64 0.6 0.59 0.6 0.6 0.63 0.65 0.68 0.71 0.77 0.8 0.83 0.86 0.89 0.91 0.91 0.91 0.92 0.91 0.91 0.9 0.88
0.4 0.41 0.42 0.43 0.44 0.45 0.46 0.47 0.51 0.53 0.55 0.58 0.63 0.66 0.69 0.71 0.76 0.78 0.79 0.81 0.83 0.83 0.84 0.85 0.86 0.86 0.86 0.86 0.87 0.87 0.87 0.87 0.87 0.87 0.87 0.87 0.86 0.86 0.86 0.85 0.85 0.85 0.85 0.85 0.85 0.85 0.86 0.85 0.85 0.84 0.84 0.83 0.79 0.76 0.73 0.71 0.67 0.66 -9999 0.66 0.68 0.7 0.72 0.75 0.8 0.83 0.86 0.88 0.91 0.92 0.92 0.92 0.92 0.91 0.91 0.89 0.88
0.48 0.49 0.5 0.5 0.51 0.52 0.53 0.54 0.56 0.58 0.6 0.62 0.66 0.68 0.71 0.73 0.77 0.79 0.8 0.81 0.83 0.83 0.84 0.85 0.85 0.86 0.86 0.86 0.87 0.87 0.87 0.88 0.88 0.88 0.88 0.87 0.87 0.87 0.86 0.86 0.85 0.85 0.86 0.86 0.85 0.86 0.86 0.87 0.87 0.87 0.86 0.86 0.83 0.81 0.77 0.75 0.74 -9999 -9999 -9999 -9999 -9999 -9999 0.76 0.82 0.83 0.86 0.89 0.91 0.93 0.92 0.92 0.91 0.9 0.9 0.88 0.85
0.65 0.65 0.66 0.66 0.66 0.66 0.66 0.67 0.68 0.69 0.7 0.71 0.74 0.75 0.77 0.78 0.8 0.81 0.82 0.82 0.83 0.84 0.84 0.85 0.85 0.86 0.86 0.86 0.87 0.88 0.88 0.88 0.88 0.88 0.88 0.88 0.88 0.88 0.87 0.87 0.86 0.86 0.86 0.86 0.87 0.87 0.87 0.88 0.9 0.91 0.91 0.9 -9999 -9999 -9999 -9999 -9999 -9999 -9999 -9999 -9999 -9999 -9999 -9999 -9999 -9999 -9999 -9999 -9999 -9999 -9999 -9999 0.9 0.89 0.88 0.87 0.82
0.72 0.72 0.72 0.72 0.72 0.72 0.72 0.72 0.73 0.74 0.74 0.75 0.76 0.77 0.79 0.79 0.81 0.82 0.82 0.83 0.83 0.84 0.84 0.84 0.85 0.85 0.86 0.86 0.87 0.88 0.88 0.88 0.88 0.88 0.88 0.88 0.88 0.87 0.87 0.87 0.86 0.86 0.86 0.86 0.87 0.87 0.88 0.88 0.9 -9999 -9999 -9999 -9999 -9999 -9999 -9999 -9999 -9999 -9999 -9999 -9999 -9999 -9999 -9999 -9999 -9999 -9999 -9999 -9999 -9999 -9999 -9999 -9999 -9999 -9999 0.85 0.8
0.78 0.79 0.79 0.79 0.78 0.78 0.78 0.78 0.77 0.78 0.78 0.78 0.8 0.8 0.81 0.81 0.82 0.83 0.83 0.83 0.84 0.84 0.84 0.84 0.85 0.85 0.86 0.86 0.87 0.87 0.88 0.88 0.88 0.88 0.88 0.88 0.88 0.87 0.87 0.87 0.86 0.86 0.86 0.86 0.86 0.87 0.88 0.89 -9999 -9999 -9999 -9999 -9999 -9999 -9999 -9999 -9999 -9999 -9999 -9999 -9999 -9999 -9999 -9999 -9999 -9999 -9999 -9999 -9999 -9999 -9999 -9999 -9999 -9999 -9999 -9999 0.78
0.85 0.86 0.86 0.86 0.85 0.84 0.84 0.84 0.83 0.83 0.83 0.83 0.83 0.83 0.83 0.83 0.84 0.84 0.84 0.84 0.84 0.84 0.84 0.84 0.84 0.85 0.85 0.86 0.87 0.87 0.88 0.88 0.88 0.88 0.88 0.88 0.88 0.87 0.87 0.87 0.86 0.86 0.86 0.86 0.86 0.87 -9999 -9999 -9999 -9999 -9999 -9999 -9999 -9999 -9999 -9999 -9999 -9999 -9999 -9999 -9999 -9999 -9999 -9999 -9999 -9999 -9999 -9999 -9999 -9999 -9999 -9999 -9999 -9999 -9999 -9999 0.76
0.95 0.95 0.95 0.95 0.94 0.94 0.93 0.92 0.9 0.9 0.89 0.88 0.87 0.87 0.86 0.86 0.85 0.85 0.85 0.84 0.84 0.84 0.84 0.84 0.84 0.85 0.85 0.86 0.86 0.87 0.87 0.87 0.88 0.88 0.88 0.88 0.88 0.87 0.87 0.87 0.87 0.87 0.87 0.87 0.87 -9999 -9999 -9999 -9999 -9999 -9999 -9999 -9999 -9999 -9999 -9999 -9999 -9999 -9999 -9999 -9999 -9999 -9999 -9999 -9999 -9999 -9999 -9999 -9999 -9999 -9999 -9999 -9999 -9999 -9999 -9999 -9999
1 1 1 0.99 0.99 0.98 0.97 0.97 0.94 0.93 0.93 0.92 0.9 0.89 0.88 0.88 0.86 0.86 0.85 0.85 0.84 0.84 0.84 0.84 0.84 0.85 0.85 0.85 0.86 0.87 0.87 0.87 0.88 0.88 0.88 0.88 0.88 0.87 0.87 0.87 0.87 0.87 0.87 -9999 -9999 -9999 -9999 -9999 -9999 -9999 -9999 -9999 -9999 -9999 -9999 -9999 -9999 -9999 -9999 -9999 -9999 -9999 -9999 -9999 -9999 -9999 -9999 -9999 -9999 -9999 -9999 -9999 -9999 -9999 -9999 -9999 -9999
1.03 1.03 1.03 1.03 1.02 1.01 1.01 1 0.97 0.96 0.95 0.94 0.91 0.91 0.9 0.89 0.87 0.86 0.86 0.85 0.84 0.84 0.84 0.84 0.84 0.84 0.85 0.85 0.86 0.86 0.87 0.87 0.87 0.87 0.88 0.88 0.87 0.88 0.87 0.87 0.88 0.88 -9999 -9999 -9999 -9999 -9999 -9999 -9999 -9999 -9999 -9999 -9999 -9999 -9999 -9999 -9999 -9999 -9999 -9999 -9999 -9999 -9999 -9999 -9999 -9999 -9999 -9999 -9999 -9999 -9999 -9999 -9999 -9999 -9999 -9999 -9999
